1490,
1164,
1719,
1224,
1225,
1943,
1209,
1208,
5356,
1248,
6048,
1942,
1943,
1248,
1088,
1252,
1255,
966,
1085,
1086,
1087,
1088,
1147,
1176,
1187,
1192,
1250,
1251,
1252,
1255,
1499,
1999,
2154,
2157,
2155,
1992,
1193,
1895,
21,
654,
790,
653,
1271,
730,
5497,
12,
5303,
2198,
1176,
1181,
2250,
1030,
1042,
5272,
1279,
5992,
1855,
45,
1790,
6042,
1856,
1834,
1835,
1854,
1181,
1251,
1148,
1776,
1992
2055,
5596
1839,
1246,
1109,
1261,
1263,
1568,
1734,
1573,
1570,
1596,
6042,
1733,
6206,
2164,
5630,
1363,
5599,
5596,
1078,
1492,
1493,
1790,
1879,
2031,
5984,
1208,
1225,
1596,
1946,
1505,
1277,
1278,
1193,
1112,
1271,
5090,
1040,
1042,
1047,
5303,
2019,
1042,
5303,
2154,
1251,
1156,
1717,
2033,
1164,
1156,
1250,
1088,
1087,
1264,
1110,
1271,
374,
5271,
1187,
1387,
1943,
1942,
1109,
1261,
1263,
8346,
1225,
1208,
1733,
9082,
1030,
1042,
1040,
1224,
1705,
1061,
1251,
2155,
1992,
1208,
1225,
1156,
1071,
1846,
5272,
5992,
1279,
1363,
1790,
45,
6042,
1279,
5992,
1855,
45,
5272,
1790,
6042,
1856,
1834,
1835,
1854,
1181,
1251,
1992,
2055,
5596,
1836,
1637,
1591,
1573,
5096,
1502,
1892,
1893,
1894,
1922,
6802,
6796,
1668,
1080,
1039,
299,
1032,
1031,
1268,
1270,
1111,
6077,
5965,
1269,
2022,
1266,
1506,
1113,
1265,
307,
12,
1866,
2310,
5958
2020,
2021,
2028,
5959,
5971,
6174,
8385,
1030,
1040,
1042,
1357,
1361,
7015,
7016,
1285,
856,
1305,
1306,
1304,
5089,
5536,




































